run                                rho    x_A   tau(x_A)   tau(rho)    h12     h6     sw/s
runs2/T0.04_A                   0.3005  0.999       7634      15485  0.997  0.998    168.2
runs2/T0.04_B                   0.5116  0.000        nan      16489  0.107  0.116    165.3
runs2/T0.04_hexlat              0.4132  0.330      14628      15849  0.713  0.802    170.8
runs2/T0.04_rows                0.4133  0.330      14474      15736  0.819  0.089    194.3
runs2/T0.06_A                   0.2960  0.959      14328      14769  0.992  0.996    169.6
runs2/T0.06_B                   0.5018  0.000        nan      16084  0.106  0.136    168.4
runs2/T0.06_hexlat              0.4058  0.300      16038      16234  0.706  0.797    174.6
runs2/T0.06_rows                0.4066  0.305      16469      16614  0.816  0.089    189.4
runs2/T0.08_A                   0.2929  0.877      16666      16690  0.987  0.994    172.9
runs2/T0.08_B                   0.4892  0.000        nan      16261  0.105  0.151    175.9
runs2/T0.08_hexlat              0.3976  0.237      14758      15107  0.692  0.788    181.0
runs2/T0.08_rows                0.3993  0.256      16627      16769  0.811  0.088    200.5
runs2/T0.10_A                   0.2888  0.731      16354      16687  0.980  0.990    177.1
runs2/T0.10_B                   0.4776  0.000       4941      15764  0.120  0.161    186.0
runs2/T0.10_hexlat              0.3924  0.199      16166      16764  0.685  0.784    185.1
runs2/T0.10_rows                0.3916  0.199      16092      16545  0.787  0.092    204.2
runs2/T0.12_A                   0.2848  0.589      15793      16160  0.970  0.985    177.8
runs2/T0.12_B                   0.4617  0.001      15739      16617  0.168  0.280    195.7
runs2/T0.12_hexlat              0.3840  0.144      15487      16305  0.674  0.775    195.2
runs2/T0.12_rows                0.3839  0.144      16331      16619  0.738  0.097    212.7
