structure                                             eta     detE |alpha|  |beta|   psi4   psi6  psi12  x_oth defect
A (ideal)                                        -1.00000 -1.00000  0.0000  1.0000  0.000  1.000  1.000  0.000      0
B (ideal)                                        +1.00000 +1.00000  2.0000  1.7321  0.500  0.000  1.000  0.000      0
rows (ideal)                                     +0.07180 +0.07180  0.5359  0.4641  0.143  0.429  1.000  0.000      0
hexlat (ideal)                                   +0.07180 +0.07180  0.5359  0.4641  0.143  0.429  1.000  0.000      0
dodeca (ideal)                                   -0.00515 -0.00515  0.0000  0.0718  0.000  0.067  1.000  0.000      0
approx2_2x3.npz (ideal)                          -0.00003 -0.00003  0.0000  0.0052  0.000  0.005  1.000  0.000      0
approx2_3x4.npz (ideal)                          -0.00003 -0.00003  0.0000  0.0052  0.000  0.005  1.000  0.000      0
approx2_sym.npz (ideal)                          -0.00003 -0.00003  0.0000  0.0052  0.000  0.005  1.000  0.000      0
coex/A_T0.06/snap_00100000.npz                   -0.41949 -0.41949  0.2903  0.7097  0.080  0.672  0.950  0.003      0
coex/A_T0.06/snap_00200000.npz                   -0.41949 -0.41949  0.2903  0.7097  0.083  0.671  0.950  0.002      0
coex/A_T0.08/snap_00100000.npz                   -0.41949 -0.41949  0.2903  0.7097  0.079  0.670  0.916  0.034      0
coex/A_T0.08/snap_00200000.npz                   -0.41949 -0.41949  0.2903  0.7097  0.080  0.668  0.906  0.041      0
coex/A_T0.10/snap_00100000.npz                   -0.41690 -0.41949  0.2903  0.7097  0.081  0.668  0.867  0.115      0
coex/A_T0.10/snap_00200000.npz                   -0.41776 -0.42069  0.2897  0.7103  0.074  0.679  0.865  0.131      4
coex/B_T0.06/snap_00100000.npz                   +0.53701 +0.51047  1.0770  0.8059  0.289  0.212  0.900  0.038    294
coex/B_T0.06/snap_00200000.npz                   +0.53810 +0.50708  1.0596  0.7846  0.293  0.209  0.900  0.035    256
coex/B_T0.08/snap_00100000.npz                   +0.53701 +0.51320  1.0761  0.8031  0.285  0.215  0.840  0.130    278
coex/B_T0.08/snap_00200000.npz                   +0.53701 +0.50710  1.1139  0.8566  0.282  0.212  0.814  0.151    258
coex/B_T0.10/snap_00100000.npz                   +0.53267 +0.44528  0.9505  0.6769  0.278  0.179  0.606  0.295    386
coex/B_T0.10/snap_00200000.npz                   +0.51860 +0.39398  0.8071  0.5074  0.262  0.190  0.538  0.344    408
runs2/T0.04_A/snap_00100000.npz                  -1.00000 -1.00000  0.0000  1.0000  0.007  0.996  0.984  0.000      0
runs2/T0.04_A/snap_00200000.npz                  -1.00000 -1.00000  0.0000  1.0000  0.007  0.996  0.983  0.000      0
runs2/T0.04_B/snap_00100000.npz                  +1.00000 +1.00000  2.0000  1.7321  0.482  0.028  0.964  0.000      0
runs2/T0.04_B/snap_00200000.npz                  +1.00000 +1.00000  2.0000  1.7321  0.482  0.027  0.961  0.000      0
runs2/T0.04_hexlat/snap_00100000.npz             +0.07180 +0.07180  0.5359  0.4641  0.145  0.426  0.975  0.000      0
runs2/T0.04_hexlat/snap_00200000.npz             +0.07180 +0.07180  0.5359  0.4641  0.145  0.426  0.971  0.000      0
runs2/T0.04_rows/snap_00100000.npz               +0.07180 +0.07180  0.5359  0.4641  0.140  0.426  0.977  0.000      0
runs2/T0.04_rows/snap_00200000.npz               +0.07180 +0.07180  0.5359  0.4641  0.140  0.425  0.971  0.000      0
runs2/T0.06_A/snap_00100000.npz                  -1.00000 -1.00000  0.0000  1.0000  0.011  0.990  0.962  0.001      0
runs2/T0.06_A/snap_00200000.npz                  -1.00000 -1.00000  0.0000  1.0000  0.011  0.991  0.964  0.000      0
runs2/T0.06_B/snap_00100000.npz                  +1.00000 +1.00000  2.0000  1.7321  0.471  0.042  0.927  0.000      0
runs2/T0.06_B/snap_00200000.npz                  +1.00000 +1.00000  2.0000  1.7321  0.470  0.042  0.909  0.003      0
runs2/T0.06_hexlat/snap_00100000.npz             +0.07180 +0.07180  0.5359  0.4641  0.144  0.424  0.949  0.002      0
runs2/T0.06_hexlat/snap_00200000.npz             +0.07180 +0.07180  0.5359  0.4641  0.147  0.423  0.939  0.007      0
runs2/T0.06_rows/snap_00100000.npz               +0.07180 +0.07180  0.5359  0.4641  0.140  0.425  0.952  0.004      0
runs2/T0.06_rows/snap_00200000.npz               +0.07180 +0.07180  0.5359  0.4641  0.141  0.428  0.942  0.015      0
runs2/T0.08_A/snap_00100000.npz                  -1.00000 -1.00000  0.0000  1.0000  0.014  0.987  0.949  0.001      0
runs2/T0.08_A/snap_00200000.npz                  -1.00000 -1.00000  0.0000  1.0000  0.017  0.983  0.933  0.011      0
runs2/T0.08_B/snap_00100000.npz                  +1.00000 +0.98940  1.9828  1.7152  0.460  0.049  0.826  0.014     14
runs2/T0.08_B/snap_00200000.npz                  +1.00000 +0.96467  1.9513  1.6861  0.460  0.047  0.807  0.028     48
runs2/T0.08_hexlat/snap_00100000.npz             +0.07180 +0.07180  0.5359  0.4641  0.149  0.418  0.898  0.047      0
runs2/T0.08_hexlat/snap_00200000.npz             +0.07292 +0.07180  0.5359  0.4641  0.151  0.418  0.895  0.056      2
runs2/T0.08_rows/snap_00100000.npz               +0.07180 +0.06839  0.5122  0.4404  0.143  0.432  0.921  0.036    116
runs2/T0.08_rows/snap_00200000.npz               +0.07292 +0.06672  0.5008  0.4290  0.143  0.444  0.891  0.096    152
runs2/T0.10_A/snap_00100000.npz                  -0.99885 -1.00000  0.0000  1.0000  0.022  0.979  0.917  0.028      0
runs2/T0.10_A/snap_00200000.npz                  -0.99943 -1.00000  0.0000  1.0000  0.030  0.973  0.896  0.062      0
runs2/T0.10_B/snap_00100000.npz                  +1.00000 +0.94806  1.9299  1.6663  0.450  0.060  0.776  0.046    154
runs2/T0.10_B/snap_00200000.npz                  +0.99129 +0.96284  1.9543  1.6901  0.455  0.046  0.700  0.083     36
runs2/T0.10_hexlat/snap_00100000.npz             +0.07292 +0.07180  0.5359  0.4641  0.150  0.418  0.867  0.093      2
runs2/T0.10_hexlat/snap_00200000.npz             +0.07180 +0.07175  0.5350  0.4632  0.152  0.420  0.825  0.184      6
runs2/T0.10_rows/snap_00100000.npz               +0.07180 +0.06510  0.4896  0.4179  0.151  0.458  0.864  0.144    214
runs2/T0.10_rows/snap_00200000.npz               +0.07292 +0.06681  0.5013  0.4295  0.160  0.488  0.816  0.253    206
runs2/T0.12_A/snap_00100000.npz                  -0.99713 -1.00000  0.0000  1.0000  0.035  0.967  0.876  0.094      0
runs2/T0.12_A/snap_00200000.npz                  -0.99541 -0.99775  0.0013  0.9989  0.040  0.962  0.859  0.138      0
runs2/T0.12_B/snap_00100000.npz                  +0.98260 +0.84331  1.7859  1.5317  0.443  0.047  0.610  0.150    250
runs2/T0.12_B/snap_00200000.npz                  +0.92609 +0.79847  1.5565  1.2745  0.442  0.019  0.486  0.263    288
runs2/T0.12_hexlat/snap_00100000.npz             +0.07966 +0.06797  0.5302  0.4617  0.146  0.427  0.823  0.222     14
runs2/T0.12_hexlat/snap_00200000.npz             +0.08529 +0.07766  0.5377  0.4599  0.157  0.421  0.715  0.328     36
runs2/T0.12_rows/snap_00100000.npz               +0.08642 +0.06074  0.4583  0.3864  0.177  0.499  0.745  0.320    382
runs2/T0.12_rows/snap_00200000.npz               +0.10229 +0.07009  0.4683  0.3863  0.151  0.463  0.629  0.422    360
runs2/cool_fluid/snap_00100000.npz               -0.58807 -0.01445  0.0212  0.1220  0.010  0.039  0.057  0.555    414
runs2/cool_fluid/snap_00200000.npz               -0.56030 +0.01333  0.1372  0.0741  0.010  0.061  0.164  0.326    810
runs2/heat_hexlat/snap_00020000.npz              +0.07180 +0.07180  0.5359  0.4641  0.144  0.428  0.994  0.000      0
runs2/heat_hexlat/snap_00120000.npz              +0.07180 +0.07180  0.5359  0.4641  0.144  0.423  0.947  0.003      0
runs2/heat_hexlat/snap_00220000.npz              +0.09207 +0.07825  0.5325  0.4531  0.154  0.401  0.733  0.286     50
