run                          T contact     eta   psi6  psi12 g12(10)  g6(10)     S/N defects
melt9/T0.120_dodeca       0.12   0.745  +0.013  0.066  0.761   0.559   0.001  0.1299       2
melt9/T0.120_dodeca       0.12   0.736  +0.011  0.067  0.745   0.528   0.006  0.1325      12
melt9/T0.120_dodeca       0.12   0.757  +0.009  0.052  0.774   0.587   0.002  0.1269      12
melt9/T0.125_dodeca       0.12   0.745  +0.023  0.060  0.709   0.483   0.004  0.1190      14
melt9/T0.125_dodeca       0.12   0.736  +0.018  0.063  0.706   0.465  -0.001  0.1239       4
melt9/T0.125_dodeca       0.12   0.690  +0.034  0.077  0.649   0.394   0.004  0.1209      14
melt9/T0.130_dodeca       0.13   0.707  +0.018  0.060  0.652   0.426   0.001  0.1020     124
melt9/T0.130_dodeca       0.13   0.690  +0.013  0.041  0.694   0.455   0.001  0.1035      76
melt9/T0.130_dodeca       0.13   0.699  +0.027  0.061  0.627   0.374  -0.001  0.1100      88
melt9/T0.135_dodeca       0.14   0.676  +0.063  0.032  0.577   0.317   0.007  0.0706      76
melt9/T0.135_dodeca       0.14   0.644  +0.063  0.027  0.525   0.286   0.002  0.0652      90
melt9/T0.135_dodeca       0.14   0.603  +0.085  0.034  0.422   0.185   0.002  0.0377     154
melt9/T0.140_dodeca       0.14   0.546  +0.087  0.041  0.379   0.140   0.008  0.0493      94
melt9/T0.140_dodeca       0.14   0.525  +0.090  0.010  0.287   0.099  -0.005  0.0254     126
melt9/T0.140_dodeca       0.14   0.504  +0.141  0.023  0.079   0.028  -0.002  0.0128     144
melt9/T0.145_dodeca       0.14   0.469  +0.228  0.012  0.107   0.011   0.001  0.0163     162
melt9/T0.145_dodeca       0.14   0.483  +0.254  0.023  0.087  -0.010  -0.003  0.0118     184
melt9/T0.145_dodeca       0.14   0.479  +0.228  0.033  0.054  -0.012  -0.001  0.0134     146
melt9/T0.150_dodeca       0.15   0.458  +0.244  0.036  0.138  -0.006   0.005  0.0096     118
melt9/T0.150_dodeca       0.15   0.496  +0.241  0.019  0.073   0.006   0.003  0.0113     190
melt9/T0.150_dodeca       0.15   0.480  +0.251  0.004  0.045  -0.003  -0.005  0.0117     138
melt9/T0.120_hexlat       0.12   0.744  +0.081  0.400  0.760   0.554   0.130  0.6856       6
melt9/T0.120_hexlat       0.12   0.720  +0.084  0.395  0.730   0.495   0.129  0.6515      32
melt9/T0.120_hexlat       0.12   0.722  +0.098  0.384  0.714   0.459   0.117  0.6528      12
melt9/T0.125_hexlat       0.12   0.665  +0.093  0.370  0.673   0.411   0.111  0.6309      64
melt9/T0.125_hexlat       0.12   0.657  +0.098  0.347  0.601   0.326   0.095  0.5978      86
melt9/T0.125_hexlat       0.12   0.602  +0.120  0.350  0.601   0.353   0.096  0.4807      86
melt9/T0.130_hexlat       0.13   0.657  +0.130  0.344  0.603   0.326   0.094  0.5952      46
melt9/T0.130_hexlat       0.13   0.615  +0.133  0.312  0.522   0.226   0.066  0.4705     122
melt9/T0.130_hexlat       0.13   0.580  +0.140  0.302  0.448   0.160   0.066  0.4979      44
melt9/T0.135_hexlat       0.14   0.583  +0.167  0.272  0.398   0.141   0.055  0.3781     126
melt9/T0.135_hexlat       0.14   0.540  +0.203  0.197  0.275   0.060   0.029  0.2740     140
melt9/T0.135_hexlat       0.14   0.511  +0.244  0.127  0.041   0.011   0.012  0.2049     176
melt9/T0.140_hexlat       0.14   0.535  +0.221  0.178  0.181   0.071   0.025  0.2656     148
melt9/T0.140_hexlat       0.14   0.509  +0.195  0.125  0.145  -0.006   0.009  0.1700     170
melt9/T0.140_hexlat       0.14   0.495  +0.223  0.067  0.069   0.012   0.001  0.0834     182
melt9/T0.145_hexlat       0.14   0.489  +0.260  0.049  0.037   0.009  -0.004  0.0661     136
melt9/T0.145_hexlat       0.14   0.464  +0.257  0.049  0.044  -0.002   0.002  0.0255     136
melt9/T0.145_hexlat       0.14   0.441  +0.234  0.017  0.066   0.005  -0.001  0.0230     126
melt9/T0.150_hexlat       0.15   0.493  +0.313  0.034  0.024  -0.009  -0.001  0.0255      94
melt9/T0.150_hexlat       0.15   0.470  +0.297  0.009  0.024   0.007  -0.007  0.0181     126
melt9/T0.150_hexlat       0.15   0.475  +0.287  0.011  0.082   0.000  -0.002  0.0102     190
