run                          T contact     eta   psi6  psi12 g12(10)  g6(10)     S/N defects
runs2/T0.04_A             0.04   1.000  -1.000  0.996  0.983   0.968   0.992  0.9884       0
runs2/T0.04_A             0.04   0.999  -1.000  0.996  0.983   0.966   0.991  0.9891       0
runs2/T0.06_A             0.06   0.984  -1.000  0.990  0.959   0.923   0.980  0.9738       0
runs2/T0.06_A             0.06   0.985  -1.000  0.991  0.964   0.930   0.982  0.9772       0
runs2/T0.08_A             0.08   0.955  -1.000  0.982  0.930   0.860   0.963  0.9408       0
runs2/T0.08_A             0.08   0.965  -1.000  0.983  0.933   0.873   0.967  0.9528       0
runs2/T0.10_A             0.10   0.946  -1.000  0.975  0.906   0.816   0.950  0.9141       0
runs2/T0.10_A             0.10   0.926  -0.999  0.973  0.896   0.792   0.943  0.9404       0
runs2/T0.12_A             0.12   0.908  -0.997  0.963  0.860   0.710   0.917  0.9057       0
runs2/T0.12_A             0.12   0.897  -0.995  0.962  0.858   0.687   0.906  0.8896       0
runs2/T0.04_B             0.04   0.999  +1.000  0.028  0.961   0.923   0.001  0.0001       0
runs2/T0.04_B             0.04   0.999  +1.000  0.027  0.961   0.924   0.001  0.0000       0
runs2/T0.06_B             0.06   0.987  +1.000  0.040  0.908   0.823   0.002  0.0001       0
runs2/T0.06_B             0.06   0.987  +1.000  0.041  0.909   0.821   0.002  0.0001       0
runs2/T0.08_B             0.08   0.948  +1.000  0.047  0.817   0.673   0.003  0.0002       0
runs2/T0.08_B             0.08   0.939  +1.000  0.045  0.812   0.647   0.002  0.0002      46
runs2/T0.10_B             0.10   0.909  +0.993  0.044  0.706   0.507   0.002  0.0003      62
runs2/T0.10_B             0.10   0.902  +0.991  0.044  0.703   0.486   0.001  0.0004      12
runs2/T0.12_B             0.12   0.792  +0.936  0.025  0.485   0.239   0.001  0.0018     260
runs2/T0.12_B             0.12   0.783  +0.926  0.023  0.481   0.219   0.001  0.0012     340
runs2/T0.04_hexlat        0.04   0.986  +0.072  0.427  0.969   0.937   0.150  0.6099       0
runs2/T0.04_hexlat        0.04   0.990  +0.072  0.426  0.971   0.943   0.144  0.6367       0
runs2/T0.06_hexlat        0.06   0.937  +0.072  0.423  0.937   0.874   0.150  0.6016       0
runs2/T0.06_hexlat        0.06   0.929  +0.072  0.429  0.939   0.881   0.150  0.5562       0
runs2/T0.08_hexlat        0.08   0.870  +0.072  0.427  0.892   0.780   0.149  0.5894       0
runs2/T0.08_hexlat        0.08   0.880  +0.073  0.421  0.896   0.789   0.135  0.5777       0
runs2/T0.10_hexlat        0.10   0.819  +0.072  0.427  0.843   0.693   0.145  0.5001      14
runs2/T0.10_hexlat        0.10   0.793  +0.072  0.421  0.825   0.667   0.141  0.5351       6
runs2/T0.12_hexlat        0.12   0.750  +0.090  0.415  0.745   0.478   0.119  0.4873     168
runs2/T0.12_hexlat        0.12   0.728  +0.085  0.420  0.716   0.481   0.140  0.4862      88
runs2/T0.04_rows          0.04   0.978  +0.072  0.433  0.973   0.944   0.197  0.5008       0
runs2/T0.04_rows          0.04   0.978  +0.072  0.432  0.971   0.943   0.193  0.5019       0
runs2/T0.06_rows          0.06   0.927  +0.072  0.442  0.940   0.885   0.218  0.4895       0
runs2/T0.06_rows          0.06   0.918  +0.072  0.450  0.942   0.886   0.224  0.4952       0
runs2/T0.08_rows          0.08   0.841  +0.072  0.466  0.895   0.791   0.249  0.4874      26
runs2/T0.08_rows          0.08   0.829  +0.073  0.462  0.891   0.787   0.245  0.4773      46
runs2/T0.10_rows          0.10   0.740  +0.072  0.492  0.830   0.686   0.274  0.4405     256
runs2/T0.10_rows          0.10   0.718  +0.073  0.498  0.816   0.650   0.280  0.4098     176
runs2/T0.12_rows          0.12   0.646  +0.100  0.443  0.637   0.389   0.201  0.3661     430
runs2/T0.12_rows          0.12   0.630  +0.102  0.450  0.630   0.380   0.200  0.3796     488
