run                         T   def/N  n=0  n=1  n=2  n=3 other paired  expo nonint total_b
melt9/T0.120_dodeca     0.120  0.0107    0    4    5    0     1   0.60  1.27      0 [0, 0, 0, 0]
melt9/T0.120_dodeca     0.120  0.0150    0    8    4    0     2   0.71  2.07      0 [0, 0, 0, 0]
melt9/T0.120_dodeca     0.120  0.0118    0    5    6    0     0   0.18  1.82      0 [0, 0, 0, 0]
melt9/T0.125_dodeca     0.125  0.0150    0    8    4    0     2   0.43  2.09      0 [0, 0, 0, 0]
melt9/T0.125_dodeca     0.125  0.0193    0   12    6    0     0   0.61  1.46      0 [0, 0, 0, 0]
melt9/T0.125_dodeca     0.125  0.0301    0   21    6    0     1   0.46  1.47      0 [0, 0, 0, 0]
melt9/T0.130_dodeca     0.130  0.0322    1   16   13    0     0   0.50  1.70      0 [0, 0, 0, 0]
melt9/T0.130_dodeca     0.130  0.0236    0    7   13    0     2   0.45  1.47      0 [0, 0, 0, 0]
melt9/T0.130_dodeca     0.130  0.0397    0   20   13    0     4   0.19  1.51      0 [0, 0, 0, 0]
melt9/T0.135_dodeca     0.135  0.0387    0   13   17    1     5   0.17  1.59      0 [0, 0, 0, 0]
melt9/T0.135_dodeca     0.135  0.0612    0   23   25    0     9   0.25  1.73      0 [0, 0, 0, 0]
melt9/T0.135_dodeca     0.135  0.0795    1   25   38    1     9   0.11  1.80      0 [0, 0, 0, 0]
melt9/T0.140_dodeca     0.140  0.0967    0   36   40    2    12   0.11  1.62      0 [0, 0, 0, 0]
melt9/T0.140_dodeca     0.140  0.0999    2   27   47    1    16   0.11  1.70      0 [0, 0, 0, 0]
melt9/T0.140_dodeca     0.140  0.1074    1   28   44    0    27   0.07  1.70      0 [0, 0, 0, 0]
melt9/T0.145_dodeca     0.145  0.1396    2   37   66    1    24   0.09  1.71      0 [0, 0, 0, 0]
melt9/T0.145_dodeca     0.145  0.1364    2   37   56    4    28   0.05  1.44      0 [0, 0, 0, 0]
melt9/T0.145_dodeca     0.145  0.1332    1   38   63    3    19   0.12  1.71      0 [0, 0, 0, 0]
melt9/T0.150_dodeca     0.150  0.1063    3   26   47    2    21   0.15  1.98      0 [0, 0, 0, 0]
melt9/T0.150_dodeca     0.150  0.1235    2   33   53    2    25   0.09  1.81      0 [0, 0, 0, 0]
melt9/T0.150_dodeca     0.150  0.1203    3   31   51    1    26   0.10  2.02      0 [0, 0, 0, 0]
melt9/T0.120_hexlat     0.120  0.0139    0    4    9    0     0   0.31  1.29      0 [0, 0, 0, 0]
melt9/T0.120_hexlat     0.120  0.0246    0    8   15    0     0   0.87  1.10      0 [0, 0, 0, 0]
melt9/T0.120_hexlat     0.120  0.0171    0   10    6    0     0   0.75  1.84      0 [0, 0, 0, 0]
melt9/T0.125_hexlat     0.125  0.0385    0   11   24    0     1   0.44  1.58      0 [0, 0, 0, 0]
melt9/T0.125_hexlat     0.125  0.0417    0   16   20    0     3   0.23  1.63      0 [0, 0, 0, 0]
melt9/T0.125_hexlat     0.125  0.0545    3   19   22    1     6   0.22  1.64      0 [0, 0, 0, 0]
melt9/T0.130_hexlat     0.130  0.0534    0   17   30    1     2   0.38  1.23      0 [0, 0, 0, 0]
melt9/T0.130_hexlat     0.130  0.0694    1   26   31    0     7   0.25  1.39      0 [0, 0, 0, 0]
melt9/T0.130_hexlat     0.130  0.0705    0   32   28    0     6   0.32  1.41      0 [0, 0, 0, 0]
melt9/T0.135_hexlat     0.135  0.0919    0   33   37    0    16   0.09  1.48      0 [0, 0, 0, 0]
melt9/T0.135_hexlat     0.135  0.1047    1   34   44    1    18   0.18  1.71      0 [0, 0, 0, 0]
melt9/T0.135_hexlat     0.135  0.1239    1   32   58    0    25   0.09  1.57      0 [0, 0, 0, 0]
melt9/T0.140_hexlat     0.140  0.0983    2   29   40    0    21   0.11  1.90      0 [0, 0, 0, 0]
melt9/T0.140_hexlat     0.140  0.1282    1   29   67    0    23   0.11  1.66      0 [0, 0, 0, 0]
melt9/T0.140_hexlat     0.140  0.1368    1   30   73    0    24   0.11  1.66      0 [0, 0, 0, 0]
melt9/T0.145_hexlat     0.145  0.1378    0   33   69    3    24   0.09  1.60      0 [0, 0, 0, 0]
melt9/T0.145_hexlat     0.145  0.1368    0   41   51    2    34   0.09  1.73      0 [0, 0, 0, 0]
melt9/T0.145_hexlat     0.145  0.1250    0   33   60    3    21   0.07  1.74      0 [0, 0, 0, 0]
melt9/T0.150_hexlat     0.150  0.1293    4   38   49    0    30   0.05  1.54      0 [0, 0, 0, 0]
melt9/T0.150_hexlat     0.150  0.1314    3   33   44    2    41   0.02  1.70      0 [0, 0, 0, 0]
melt9/T0.150_hexlat     0.150  0.1410    2   43   54    2    31   0.11  1.66      0 [0, 0, 0, 0]
