run                         T   def/N  n=0  n=1  n=2  n=3 other paired  expo nonint total_b
runs2/T0.04_A           0.040  0.0000    0    0    0    0     0   0.00   nan      0 [0, 0, 0, 0]
runs2/T0.04_A           0.040  0.0000    0    0    0    0     0   0.00   nan      0 [0, 0, 0, 0]
runs2/T0.06_A           0.060  0.0000    0    0    0    0     0   0.00   nan      0 [0, 0, 0, 0]
runs2/T0.06_A           0.060  0.0000    0    0    0    0     0   0.00   nan      0 [0, 0, 0, 0]
runs2/T0.08_A           0.080  0.0000    0    0    0    0     0   0.00   nan      0 [0, 0, 0, 0]
runs2/T0.08_A           0.080  0.0000    0    0    0    0     0   0.00   nan      0 [0, 0, 0, 0]
runs2/T0.10_A           0.100  0.0000    0    0    0    0     0   0.00   nan      0 [0, 0, 0, 0]
runs2/T0.10_A           0.100  0.0000    0    0    0    0     0   0.00   nan      0 [0, 0, 0, 0]
runs2/T0.12_A           0.120  0.0000    0    0    0    0     0   0.00   nan      0 [0, 0, 0, 0]
runs2/T0.12_A           0.120  0.0020    0    4    0    0     0   0.25 -39.64      0 [0, 0, 0, 0]
runs2/T0.04_B           0.040  0.0000    0    0    0    0     0   0.00   nan      0 [0, 0, 0, 0]
runs2/T0.04_B           0.040  0.0000    0    0    0    0     0   0.00   nan      0 [0, 0, 0, 0]
runs2/T0.06_B           0.060  0.0000    0    0    0    0     0   0.00   nan      0 [0, 0, 0, 0]
runs2/T0.06_B           0.060  0.0000    0    0    0    0     0   0.00   nan      0 [0, 0, 0, 0]
runs2/T0.08_B           0.080  0.0020    0    4    0    0     0   0.50  2.03      0 [0, 0, 0, 0]
runs2/T0.08_B           0.080  0.0040    0    6    2    0     0   1.00  1.37      0 [0, 0, 0, 0]
runs2/T0.10_B           0.100  0.0176    0   24   11    0     0   0.54  1.53      0 [0, 0, 0, 0]
runs2/T0.10_B           0.100  0.0171    0   28    6    0     0   0.79  1.50      0 [0, 0, 0, 0]
runs2/T0.12_B           0.120  0.0691    2   51   71    3    10   0.24  1.26      0 [0, 0, 0, 0]
runs2/T0.12_B           0.120  0.0701    1   45   84    3     6   0.24  1.55      0 [0, 0, 0, 0]
runs2/T0.04_hexlat      0.040  0.0000    0    0    0    0     0   0.00   nan      0 [0, 0, 0, 0]
runs2/T0.04_hexlat      0.040  0.0000    0    0    0    0     0   0.00   nan      0 [0, 0, 0, 0]
runs2/T0.06_hexlat      0.060  0.0000    0    0    0    0     0   0.00   nan      0 [0, 0, 0, 0]
runs2/T0.06_hexlat      0.060  0.0000    0    0    0    0     0   0.00   nan      0 [0, 0, 0, 0]
runs2/T0.08_hexlat      0.080  0.0000    0    0    0    0     0   0.00   nan      0 [0, 0, 0, 0]
runs2/T0.08_hexlat      0.080  0.0000    0    0    0    0     0   0.00   nan      0 [0, 0, 0, 0]
runs2/T0.10_hexlat      0.100  0.0010    0    0    2    0     0   1.00  2.04      0 [0, 0, 0, 0]
runs2/T0.10_hexlat      0.100  0.0030    0    0    6    0     0   1.00  1.11      0 [0, 0, 0, 0]
runs2/T0.12_hexlat      0.120  0.0255    1   19   29    0     2   0.53  1.28      0 [0, 0, 0, 0]
runs2/T0.12_hexlat      0.120  0.0235    0   16   29    0     2   0.53  1.44      0 [0, 0, 0, 0]
runs2/T0.04_rows        0.040  0.0000    0    0    0    0     0   0.00   nan      0 [0, 0, 0, 0]
runs2/T0.04_rows        0.040  0.0000    0    0    0    0     0   0.00   nan      0 [0, 0, 0, 0]
runs2/T0.06_rows        0.060  0.0000    0    0    0    0     0   0.00   nan      0 [0, 0, 0, 0]
runs2/T0.06_rows        0.060  0.0000    0    0    0    0     0   0.00   nan      0 [0, 0, 0, 0]
runs2/T0.08_rows        0.080  0.0020    0    0    4    0     0   1.00  1.65      0 [0, 0, 0, 0]
runs2/T0.08_rows        0.080  0.0040    0    0    8    0     0   0.88  1.87      0 [0, 0, 0, 0]
runs2/T0.10_rows        0.100  0.0210    0    0   42    0     0   0.79  1.70      0 [0, 0, 0, 0]
runs2/T0.10_rows        0.100  0.0220    0    0   44    0     0   0.91  1.79      0 [0, 0, 0, 0]
runs2/T0.12_rows        0.120  0.0601    0   14   94    4     8   0.38  1.86      0 [0, 0, 0, 0]
runs2/T0.12_rows        0.120  0.0626    0   15   93    3    14   0.25  2.06      0 [0, 0, 0, 0]
