run                         T   def/N  n=0  n=1  n=2  n=3 other paired  expo nonint total_b
melt10/T0.100_dodeca    0.100  0.0032    0    1    2    0     0   0.00 -39.81      0 [0, 0, 0, 0]
melt10/T0.100_dodeca    0.100  0.0000    0    0    0    0     0   0.00   nan      0 [0, 0, 0, 0]
melt10/T0.100_dodeca    0.100  0.0000    0    0    0    0     0   0.00   nan      0 [0, 0, 0, 0]
melt10/T0.100_dodeca    0.100  0.0000    0    0    0    0     0   0.00   nan      0 [0, 0, 0, 0]
melt10/T0.100_dodeca    0.100  0.0075    0    3    3    0     1   0.57  0.83      0 [0, 0, 0, 0]
melt10/T0.110_dodeca    0.110  0.0000    0    0    0    0     0   0.00   nan      0 [0, 0, 0, 0]
melt10/T0.110_dodeca    0.110  0.0043    0    2    2    0     0   1.00  1.94      0 [0, 0, 0, 0]
melt10/T0.110_dodeca    0.110  0.0043    0    2    2    0     0   1.00  2.15      0 [0, 0, 0, 0]
melt10/T0.110_dodeca    0.110  0.0021    0    2    0    0     0   1.00   nan      0 [0, 0, 0, 0]
melt10/T0.110_dodeca    0.110  0.0021    0    0    2    0     0   1.00  2.16      0 [0, 0, 0, 0]
melt10/T0.120_dodeca    0.120  0.0183    0    4   12    0     1   0.35  1.82      0 [0, 0, 0, 0]
melt10/T0.120_dodeca    0.120  0.0247    0    5   15    0     3   0.43  1.71      0 [0, 0, 0, 0]
melt10/T0.120_dodeca    0.120  0.0247    0   10   10    0     3   0.13  1.70      0 [0, 0, 0, 0]
melt10/T0.120_dodeca    0.120  0.0279    0   11   13    0     2   0.31  1.75      0 [0, 0, 0, 0]
melt10/T0.120_dodeca    0.120  0.0301    1   11   13    0     3   0.21  1.24      0 [0, 0, 0, 0]
melt10/T0.125_dodeca    0.125  0.0677    0   24   31    0     8   0.25  1.72      0 [0, 0, 0, 0]
melt10/T0.125_dodeca    0.125  0.0859    1   33   35    1    10   0.10  1.37      0 [0, 0, 0, 0]
melt10/T0.125_dodeca    0.125  0.0881    1   25   41    2    13   0.13  1.46      0 [0, 0, 0, 0]
melt10/T0.125_dodeca    0.125  0.0934    1   24   47    1    14   0.10  1.55      0 [0, 0, 0, 0]
melt10/T0.125_dodeca    0.125  0.1063    1   32   51    0    15   0.13  1.78      0 [0, 0, 0, 0]
melt10/T0.130_dodeca    0.130  0.0644    3   19   27    0    11   0.18  1.57      0 [0, 0, 0, 0]
melt10/T0.130_dodeca    0.130  0.0956    0   35   42    1    11   0.20  1.69      0 [0, 0, 0, 0]
melt10/T0.130_dodeca    0.130  0.1149    0   36   48    3    20   0.06  1.88      0 [0, 0, 0, 0]
melt10/T0.130_dodeca    0.130  0.1160    5   32   48    1    22   0.07  1.63      0 [0, 0, 0, 0]
melt10/T0.130_dodeca    0.130  0.1203    1   37   50    0    24   0.08  1.60      0 [0, 0, 0, 0]
melt10/T0.135_dodeca    0.135  0.1192    0   30   51    2    28   0.12  2.01      0 [0, 0, 0, 0]
melt10/T0.135_dodeca    0.135  0.1192    0   30   60    3    18   0.05  1.90      0 [0, 0, 0, 0]
melt10/T0.135_dodeca    0.135  0.1396    1   33   69    1    26   0.04  1.62      0 [0, 0, 0, 0]
melt10/T0.135_dodeca    0.135  0.1267    3   31   55    3    26   0.06  1.89      0 [0, 0, 0, 0]
melt10/T0.135_dodeca    0.135  0.1106    1   28   49    0    25   0.10  1.68      0 [0, 0, 0, 0]
melt10/T0.140_dodeca    0.140  0.1257    3   27   56    2    29   0.13  1.76      0 [0, 0, 0, 0]
melt10/T0.140_dodeca    0.140  0.1504    2   33   73    4    28   0.08  1.61      0 [0, 0, 0, 0]
melt10/T0.140_dodeca    0.140  0.1418    4   36   61    1    30   0.02  1.91      0 [0, 0, 0, 0]
melt10/T0.140_dodeca    0.140  0.1386    1   43   52    2    31   0.06  1.75      0 [0, 0, 0, 0]
melt10/T0.140_dodeca    0.140  0.1343    2   29   69    0    25   0.07  1.67      0 [0, 0, 0, 0]
melt10/T0.150_dodeca    0.150  0.1278    4   26   55    2    32   0.07  1.74      0 [0, 0, 0, 0]
melt10/T0.150_dodeca    0.150  0.1278    1   29   59    8    22   0.09  1.83      0 [0, 0, 0, 0]
melt10/T0.150_dodeca    0.150  0.1171    3   33   49    0    24   0.05  1.58      0 [0, 0, 0, 0]
melt10/T0.150_dodeca    0.150  0.1353    4   27   66    1    28   0.08  1.86      0 [0, 0, 0, 0]
melt10/T0.150_dodeca    0.150  0.1085    2   31   48    2    18   0.03  1.75      0 [0, 0, 0, 0]
melt10/T0.100_hexlat    0.100  0.0000    0    0    0    0     0   0.00   nan      0 [0, 0, 0, 0]
melt10/T0.100_hexlat    0.100  0.0021    0    0    2    0     0   1.00  2.14      0 [0, 0, 0, 0]
melt10/T0.100_hexlat    0.100  0.0000    0    0    0    0     0   0.00   nan      0 [0, 0, 0, 0]
melt10/T0.100_hexlat    0.100  0.0021    0    0    2    0     0   1.00  2.14      0 [0, 0, 0, 0]
melt10/T0.100_hexlat    0.100  0.0043    0    2    2    0     0   1.00   nan      0 [0, 0, 0, 0]
melt10/T0.110_hexlat    0.110  0.0139    0    6    7    0     0   0.38  1.69      0 [0, 0, 0, 0]
melt10/T0.110_hexlat    0.110  0.0085    0    2    6    0     0   1.00  0.55      0 [0, 0, 0, 0]
melt10/T0.110_hexlat    0.110  0.0064    0    4    2    0     0   1.00  2.13      0 [0, 0, 0, 0]
melt10/T0.110_hexlat    0.110  0.0096    0    2    6    1     0   0.67  1.78      0 [0, 0, 0, 0]
melt10/T0.110_hexlat    0.110  0.0075    0    1    5    0     1   0.57  1.90      0 [0, 0, 0, 0]
melt10/T0.120_hexlat    0.120  0.0299    0    5   22    0     1   0.43  1.55      0 [0, 0, 0, 0]
melt10/T0.120_hexlat    0.120  0.0353    0    7   25    0     1   0.48  1.60      0 [0, 0, 0, 0]
melt10/T0.120_hexlat    0.120  0.0726    2   21   40    0     5   0.31  1.41      0 [0, 0, 0, 0]
melt10/T0.120_hexlat    0.120  0.0684    0   28   29    0     7   0.25  1.39      0 [0, 0, 0, 0]
melt10/T0.120_hexlat    0.120  0.0844    0   27   40    1    11   0.14  1.45      0 [0, 0, 0, 0]
melt10/T0.125_hexlat    0.125  0.0769    1   14   40    3    14   0.15  1.64      0 [0, 0, 0, 0]
melt10/T0.125_hexlat    0.125  0.1111    4   21   59    3    17   0.15  1.66      0 [0, 0, 0, 0]
melt10/T0.125_hexlat    0.125  0.1261    1   40   57    1    19   0.09  1.63      0 [0, 0, 0, 0]
melt10/T0.125_hexlat    0.125  0.1314    3   34   67    5    14   0.13  1.54      0 [0, 0, 0, 0]
melt10/T0.125_hexlat    0.125  0.1079    2   27   49    2    21   0.03  1.69      0 [0, 0, 0, 0]
melt10/T0.130_hexlat    0.130  0.1389    4   36   52    3    35   0.05  1.68      0 [0, 0, 0, 0]
melt10/T0.130_hexlat    0.130  0.1111    1   29   50    0    24   0.03  1.84      0 [0, 0, 0, 0]
melt10/T0.130_hexlat    0.130  0.1058    1   29   45    2    22   0.07  1.77      0 [0, 0, 0, 0]
melt10/T0.130_hexlat    0.130  0.1239    2   24   58    1    31   0.03  1.78      0 [0, 0, 0, 0]
melt10/T0.130_hexlat    0.130  0.1165    1   26   50    2    30   0.05  1.64      0 [0, 0, 0, 0]
melt10/T0.135_hexlat    0.135  0.1325    1   26   69    2    26   0.07  1.51      0 [0, 0, 0, 0]
melt10/T0.135_hexlat    0.135  0.1282    0   29   60    0    31   0.10  1.78      0 [0, 0, 0, 0]
melt10/T0.135_hexlat    0.135  0.1453    2   25   75    2    32   0.12  1.60      0 [0, 0, 0, 0]
melt10/T0.135_hexlat    0.135  0.1132    2   24   52    0    28   0.07  1.55      0 [0, 0, 0, 0]
melt10/T0.135_hexlat    0.135  0.1335    2   24   65    2    32   0.04  1.68      0 [0, 0, 0, 0]
melt10/T0.140_hexlat    0.140  0.1036    2   23   42    0    30   0.08  1.87      0 [0, 0, 0, 0]
melt10/T0.140_hexlat    0.140  0.1218    1   26   59    3    25   0.08  1.64      0 [0, 0, 0, 0]
melt10/T0.140_hexlat    0.140  0.1378    2   43   55    3    26   0.05  1.66      0 [0, 0, 0, 0]
melt10/T0.140_hexlat    0.140  0.1239    0   25   53    4    34   0.05  1.68      0 [0, 0, 0, 0]
melt10/T0.140_hexlat    0.140  0.1282    0   30   65    0    25   0.07  1.75      0 [0, 0, 0, 0]
melt10/T0.150_hexlat    0.150  0.1464    1   35   68    7    26   0.07  1.71      0 [0, 0, 0, 0]
melt10/T0.150_hexlat    0.150  0.1207    3   27   59    0    24   0.06  1.85      0 [0, 0, 0, 0]
melt10/T0.150_hexlat    0.150  0.1058    0   27   49    2    21   0.12  1.57      0 [0, 0, 0, 0]
melt10/T0.150_hexlat    0.150  0.1464    1   41   66    3    26   0.12  1.80      0 [0, 0, 0, 0]
melt10/T0.150_hexlat    0.150  0.1175    4   33   52    1    20   0.09  1.69      0 [0, 0, 0, 0]
