run                          T contact     eta   psi6  psi12 g12(10)  g6(10)     S/N defects
melt10/T0.100_dodeca      0.10   0.832  -0.003  0.070  0.861   0.726   0.002  0.1387       4
melt10/T0.100_dodeca      0.10   0.815  -0.005  0.062  0.847   0.713   0.001  0.1442       0
melt10/T0.100_dodeca      0.10   0.821  -0.005  0.066  0.836   0.689   0.005  0.1392       0
melt10/T0.100_dodeca      0.10   0.801  -0.005  0.067  0.840   0.701   0.002  0.1396       0
melt10/T0.100_dodeca      0.10   0.821  +0.002  0.067  0.830   0.662   0.004  0.1455       2
melt10/T0.110_dodeca      0.11   0.780  -0.001  0.066  0.794   0.609  -0.003  0.1302       0
melt10/T0.110_dodeca      0.11   0.771  -0.003  0.070  0.797   0.614  -0.000  0.1432       2
melt10/T0.110_dodeca      0.11   0.764  -0.003  0.068  0.793   0.614   0.002  0.1370      10
melt10/T0.110_dodeca      0.11   0.802  -0.001  0.075  0.808   0.636   0.005  0.1375       0
melt10/T0.110_dodeca      0.11   0.772  +0.002  0.063  0.793   0.604   0.001  0.1381       2
melt10/T0.120_dodeca      0.12   0.709  +0.027  0.072  0.739   0.538   0.003  0.1109      58
melt10/T0.120_dodeca      0.12   0.683  +0.030  0.067  0.692   0.471   0.002  0.0980      56
melt10/T0.120_dodeca      0.12   0.720  +0.037  0.037  0.694   0.455   0.000  0.0994      22
melt10/T0.120_dodeca      0.12   0.694  +0.044  0.058  0.684   0.436  -0.002  0.0954      48
melt10/T0.120_dodeca      0.12   0.684  +0.044  0.067  0.680   0.450   0.004  0.0949      30
melt10/T0.125_dodeca      0.12   0.611  +0.092  0.042  0.487   0.221   0.000  0.0749     106
melt10/T0.125_dodeca      0.12   0.573  +0.102  0.040  0.396   0.152   0.004  0.0573     130
melt10/T0.125_dodeca      0.12   0.592  +0.094  0.046  0.413   0.151   0.002  0.0455     142
melt10/T0.125_dodeca      0.12   0.567  +0.102  0.043  0.428   0.178   0.005  0.0355     140
melt10/T0.125_dodeca      0.12   0.523  +0.119  0.058  0.287   0.077   0.003  0.0321     166
melt10/T0.130_dodeca      0.13   0.556  +0.080  0.048  0.403   0.153   0.000  0.0326     158
melt10/T0.130_dodeca      0.13   0.569  +0.097  0.061  0.350   0.139   0.004  0.0305     156
melt10/T0.130_dodeca      0.13   0.534  +0.124  0.021  0.261   0.055   0.003  0.0304     154
melt10/T0.130_dodeca      0.13   0.487  +0.146  0.012  0.126   0.034  -0.002  0.0160     128
melt10/T0.130_dodeca      0.13   0.525  +0.154  0.020  0.233   0.059  -0.003  0.0121     130
melt10/T0.135_dodeca      0.14   0.469  +0.174  0.017  0.019   0.006   0.003  0.0105     108
melt10/T0.135_dodeca      0.14   0.460  +0.171  0.015  0.067   0.004   0.003  0.0133     144
melt10/T0.135_dodeca      0.14   0.482  +0.197  0.013  0.028   0.004   0.006  0.0157     154
melt10/T0.135_dodeca      0.14   0.473  +0.228  0.036  0.083   0.001   0.007  0.0141     150
melt10/T0.135_dodeca      0.14   0.459  +0.223  0.002  0.014   0.006  -0.002  0.0110     120
melt10/T0.140_dodeca      0.14   0.484  +0.294  0.025  0.101   0.012   0.005  0.0110     140
melt10/T0.140_dodeca      0.14   0.489  +0.286  0.028  0.006  -0.014  -0.000  0.0141     146
melt10/T0.140_dodeca      0.14   0.491  +0.270  0.018  0.081  -0.004  -0.000  0.0138     166
melt10/T0.140_dodeca      0.14   0.472  +0.244  0.014  0.025   0.002  -0.008  0.0111     144
melt10/T0.140_dodeca      0.14   0.494  +0.194  0.022  0.041   0.001  -0.003  0.0148     184
melt10/T0.150_dodeca      0.15   0.463  +0.305  0.023  0.070  -0.003  -0.010  0.0122     140
melt10/T0.150_dodeca      0.15   0.485  +0.291  0.041  0.065   0.000  -0.007  0.0176     132
melt10/T0.150_dodeca      0.15   0.471  +0.357  0.021  0.039  -0.004  -0.003  0.0183     110
melt10/T0.150_dodeca      0.15   0.478  +0.324  0.027  0.063  -0.002   0.001  0.0134     154
melt10/T0.150_dodeca      0.15   0.460  +0.297  0.025  0.004  -0.001   0.007  0.0206     128
melt10/T0.100_hexlat      0.10   0.808  +0.074  0.413  0.848   0.715   0.150  0.7523       0
melt10/T0.100_hexlat      0.10   0.810  +0.072  0.420  0.828   0.680   0.155  0.7306       2
melt10/T0.100_hexlat      0.10   0.811  +0.077  0.413  0.840   0.693   0.148  0.7515       0
melt10/T0.100_hexlat      0.10   0.805  +0.074  0.438  0.842   0.700   0.172  0.7155       4
melt10/T0.100_hexlat      0.10   0.813  +0.074  0.421  0.817   0.648   0.150  0.7584       2
melt10/T0.110_hexlat      0.11   0.761  +0.079  0.420  0.768   0.567   0.154  0.7098      10
melt10/T0.110_hexlat      0.11   0.730  +0.079  0.409  0.782   0.592   0.142  0.6839      20
melt10/T0.110_hexlat      0.11   0.773  +0.077  0.415  0.808   0.644   0.152  0.7002       0
melt10/T0.110_hexlat      0.11   0.786  +0.077  0.410  0.805   0.631   0.150  0.6745       4
melt10/T0.110_hexlat      0.11   0.739  +0.077  0.404  0.767   0.558   0.135  0.6958      12
melt10/T0.120_hexlat      0.12   0.674  +0.086  0.386  0.714   0.476   0.109  0.6423      40
melt10/T0.120_hexlat      0.12   0.674  +0.106  0.388  0.714   0.485   0.127  0.5647      42
melt10/T0.120_hexlat      0.12   0.624  +0.115  0.328  0.529   0.264   0.084  0.5354      86
melt10/T0.120_hexlat      0.12   0.626  +0.125  0.309  0.548   0.275   0.072  0.4245      52
melt10/T0.120_hexlat      0.12   0.582  +0.135  0.264  0.434   0.175   0.049  0.2431      50
melt10/T0.125_hexlat      0.12   0.545  +0.147  0.265  0.351   0.091   0.044  0.3392     146
melt10/T0.125_hexlat      0.12   0.540  +0.167  0.186  0.187   0.052   0.016  0.1786     174
melt10/T0.125_hexlat      0.12   0.532  +0.200  0.132  0.078   0.003   0.015  0.0673     104
melt10/T0.125_hexlat      0.12   0.536  +0.216  0.065  0.091  -0.008   0.007  0.0611     158
melt10/T0.125_hexlat      0.12   0.481  +0.226  0.035  0.105   0.009  -0.002  0.0321     176
melt10/T0.130_hexlat      0.13   0.495  +0.221  0.034  0.009   0.002  -0.004  0.0440     126
melt10/T0.130_hexlat      0.13   0.493  +0.218  0.081  0.147  -0.001   0.012  0.0547     132
melt10/T0.130_hexlat      0.13   0.498  +0.234  0.014  0.160   0.040   0.001  0.0334     112
melt10/T0.130_hexlat      0.13   0.464  +0.226  0.050  0.108  -0.005   0.000  0.0194     148
melt10/T0.130_hexlat      0.13   0.465  +0.263  0.043  0.088   0.008  -0.002  0.0190      88
melt10/T0.135_hexlat      0.14   0.498  +0.208  0.022  0.189   0.063  -0.000  0.0168     210
melt10/T0.135_hexlat      0.14   0.476  +0.265  0.023  0.019  -0.021  -0.001  0.0135     132
melt10/T0.135_hexlat      0.14   0.472  +0.263  0.007  0.122   0.003  -0.005  0.0160     156
melt10/T0.135_hexlat      0.14   0.466  +0.263  0.045  0.026  -0.002  -0.008  0.0119     122
melt10/T0.135_hexlat      0.14   0.467  +0.311  0.011  0.038  -0.027  -0.002  0.0151     164
melt10/T0.140_hexlat      0.14   0.467  +0.239  0.026  0.016   0.000  -0.001  0.0172     130
melt10/T0.140_hexlat      0.14   0.477  +0.231  0.034  0.086   0.007   0.003  0.0243     180
melt10/T0.140_hexlat      0.14   0.488  +0.242  0.007  0.131   0.032  -0.004  0.0119     174
melt10/T0.140_hexlat      0.14   0.451  +0.273  0.024  0.063  -0.005   0.008  0.0105     156
melt10/T0.140_hexlat      0.14   0.473  +0.250  0.016  0.106   0.003   0.003  0.0159     188
melt10/T0.150_hexlat      0.15   0.494  +0.297  0.010  0.082   0.013  -0.004  0.0125     166
melt10/T0.150_hexlat      0.15   0.457  +0.297  0.015  0.034  -0.002  -0.001  0.0135     142
melt10/T0.150_hexlat      0.15   0.487  +0.273  0.021  0.027  -0.002  -0.006  0.0111     100
melt10/T0.150_hexlat      0.15   0.493  +0.265  0.029  0.073  -0.003   0.003  0.0143     178
melt10/T0.150_hexlat      0.15   0.500  +0.305  0.039  0.024   0.010  -0.001  0.0134     162
