structure                                             eta     detE |alpha|  |beta|   psi4   psi6  psi12  x_oth defect
A (ideal)                                        -1.00000 -1.00000  0.0000  1.0000  0.000  1.000  1.000  0.000      0
B (ideal)                                        +1.00000 +1.00000  2.0000  1.7321  0.500  0.000  1.000  0.000      0
rows (ideal)                                     +0.07180 +0.07180  0.5359  0.4641  0.250  0.250  1.000  0.000      0
hexlat (ideal)                                   +0.07180 +0.07180  0.5359  0.4641  0.295  0.530  1.000  0.000      0
dodeca (ideal)                                   -0.00515 -0.00515  0.0000  0.0718  0.004  0.059  1.000  0.000      0
approx2_2x3.npz (ideal)                          -0.00003 -0.00003  0.0000  0.0052  0.000  0.009  1.000  0.000      0
approx2_3x4.npz (ideal)                          -0.00003 -0.00003  0.0000  0.0052  0.001  0.008  1.000  0.000      0
approx2_sym.npz (ideal)                          -0.00003 -0.00003  0.0000  0.0052  0.000  0.009  1.000  0.000      0
coex/A_T0.06/snap_00100000.npz                   -0.42159 -0.41949  0.2903  0.7097  0.154  0.706  1.000  0.003      2
coex/A_T0.06/snap_00200000.npz                   -0.41935 -0.41939  0.2903  0.7097  0.154  0.705  1.000  0.002     18
coex/A_T0.08/snap_00100000.npz                   -0.42796 -0.41725  0.2881  0.7073  0.154  0.709  1.000  0.034    138
coex/A_T0.08/snap_00200000.npz                   -0.42651 -0.41927  0.2906  0.7097  0.154  0.709  1.000  0.041     56
coex/A_T0.10/snap_00100000.npz                   -0.44030 -0.41949  0.2903  0.7097  0.150  0.714  1.000  0.115     14
coex/A_T0.10/snap_00200000.npz                   -0.44932 -0.41595  0.2804  0.7033  0.139  0.722  1.000  0.131    178
coex/B_T0.06/snap_00100000.npz                   +0.51600 +0.20975  0.5523  0.3086  0.332  0.259  1.000  0.038   1556
coex/B_T0.06/snap_00200000.npz                   +0.52324 +0.21671  0.5461  0.2856  0.342  0.245  1.000  0.035   1276
coex/B_T0.08/snap_00100000.npz                   +0.51514 +0.19757  0.5212  0.2722  0.337  0.240  1.000  0.130   1440
coex/B_T0.08/snap_00200000.npz                   +0.50818 +0.18804  0.4811  0.2084  0.330  0.254  1.000  0.151   1456
coex/B_T0.10/snap_00100000.npz                   +0.53827 +0.12881  0.3882  0.1479  0.324  0.203  1.000  0.295   1462
coex/B_T0.10/snap_00200000.npz                   +0.50304 +0.24605  0.4978  0.0421  0.369  0.099  1.000  0.344   1302
runs2/T0.04_A/snap_00100000.npz                  -1.00000 -1.00000  0.0000  1.0000  0.000  1.000  1.000  0.000      0
runs2/T0.04_A/snap_00200000.npz                  -1.00000 -1.00000  0.0000  1.0000  0.000  1.000  1.000  0.000      0
runs2/T0.04_B/snap_00100000.npz                  +1.00000 +0.45921  1.2366  1.0344  0.502  0.052  1.000  0.000   1162
runs2/T0.04_B/snap_00200000.npz                  +1.00000 +0.56231  1.3827  1.1616  0.501  0.035  1.000  0.000    816
runs2/T0.04_hexlat/snap_00100000.npz             +0.07180 +0.03677  0.5109  0.4735  0.262  0.508  1.000  0.000    164
runs2/T0.04_hexlat/snap_00200000.npz             +0.07180 +0.04586  0.5227  0.4768  0.268  0.512  1.000  0.000     84
runs2/T0.04_rows/snap_00100000.npz               +0.07180 +0.07180  0.5359  0.4641  0.250  0.250  1.000  0.000      0
runs2/T0.04_rows/snap_00200000.npz               +0.07180 +0.07180  0.5359  0.4641  0.250  0.250  1.000  0.000      0
runs2/T0.06_A/snap_00100000.npz                  -1.00000 -1.00000  0.0000  1.0000  0.000  1.000  1.000  0.001      0
runs2/T0.06_A/snap_00200000.npz                  -1.00000 -1.00000  0.0000  1.0000  0.000  1.000  1.000  0.000      0
runs2/T0.06_B/snap_00100000.npz                  +1.00000 +0.25668  0.8050  0.6256  0.516  0.149  1.000  0.000   1796
runs2/T0.06_B/snap_00200000.npz                  +1.00000 +0.23361  0.8542  0.7043  0.512  0.125  1.000  0.003   1644
runs2/T0.06_hexlat/snap_00100000.npz             +0.07180 +0.00942  0.4959  0.4863  0.267  0.510  1.000  0.002    296
runs2/T0.06_hexlat/snap_00200000.npz             +0.07029 +0.01409  0.5033  0.4891  0.267  0.509  1.000  0.007    280
runs2/T0.06_rows/snap_00100000.npz               +0.07011 +0.07180  0.5359  0.4641  0.251  0.251  1.000  0.004      0
runs2/T0.06_rows/snap_00200000.npz               +0.06498 +0.07180  0.5359  0.4641  0.252  0.254  1.000  0.015      0
runs2/T0.08_A/snap_00100000.npz                  -1.00000 -1.00000  0.0000  1.0000  0.000  1.000  1.000  0.001      0
runs2/T0.08_A/snap_00200000.npz                  -1.00000 -1.00000  0.0000  1.0000  0.002  1.000  1.000  0.011      0
runs2/T0.08_B/snap_00100000.npz                  +1.00000 +0.13869  0.6873  0.5776  0.526  0.180  1.000  0.014   1980
runs2/T0.08_B/snap_00200000.npz                  +1.00000 +0.38200  0.9560  0.7293  0.509  0.093  1.000  0.028   1378
runs2/T0.08_hexlat/snap_00100000.npz             +0.07003 -0.02020  0.4650  0.4863  0.268  0.508  1.000  0.047    478
runs2/T0.08_hexlat/snap_00200000.npz             +0.07239 -0.01039  0.4936  0.5040  0.267  0.507  1.000  0.056    376
runs2/T0.08_rows/snap_00100000.npz               +0.05945 +0.06839  0.5123  0.4405  0.254  0.261  1.000  0.036    172
runs2/T0.08_rows/snap_00200000.npz               +0.04027 +0.06576  0.4943  0.4226  0.257  0.273  1.000  0.096    210
runs2/T0.10_A/snap_00100000.npz                  -0.99912 -1.00000  0.0000  1.0000  0.006  1.000  1.000  0.028      0
runs2/T0.10_A/snap_00200000.npz                  -0.99939 -1.00000  0.0000  1.0000  0.012  1.000  1.000  0.062      0
runs2/T0.10_B/snap_00100000.npz                  +1.00000 +0.19698  0.7536  0.6091  0.516  0.121  1.000  0.046   1644
runs2/T0.10_B/snap_00200000.npz                  +0.99905 +0.38086  0.9503  0.7227  0.506  0.059  1.000  0.083   1294
runs2/T0.10_hexlat/snap_00100000.npz             +0.06543 -0.09792  0.4272  0.5295  0.265  0.507  1.000  0.093    826
runs2/T0.10_hexlat/snap_00200000.npz             +0.05427 -0.05575  0.4439  0.5028  0.267  0.515  1.000  0.184    842
runs2/T0.10_rows/snap_00100000.npz               +0.02206 +0.06420  0.4830  0.4112  0.265  0.286  1.000  0.144    322
runs2/T0.10_rows/snap_00200000.npz               -0.01799 +0.06287  0.4758  0.4043  0.267  0.331  1.000  0.253    378
runs2/T0.12_A/snap_00100000.npz                  -0.99684 -1.00000  0.0000  1.0000  0.016  1.000  1.000  0.094      0
runs2/T0.12_A/snap_00200000.npz                  -0.99501 -1.00000  0.0000  1.0000  0.019  1.000  1.000  0.138      0
runs2/T0.12_B/snap_00100000.npz                  +0.98872 +0.29958  0.8142  0.6027  0.496  0.059  1.000  0.150   1246
runs2/T0.12_B/snap_00200000.npz                  +0.96240 +0.29688  0.6866  0.4177  0.475  0.064  1.000  0.263    970
runs2/T0.12_hexlat/snap_00100000.npz             +0.04250 -0.01246  0.4886  0.5012  0.261  0.520  1.000  0.222    622
runs2/T0.12_hexlat/snap_00200000.npz             +0.05079 -0.02232  0.4492  0.4734  0.264  0.526  1.000  0.328    500
runs2/T0.12_rows/snap_00100000.npz               -0.02590 +0.05029  0.4225  0.3581  0.273  0.348  1.000  0.320    690
runs2/T0.12_rows/snap_00200000.npz               -0.00765 +0.06102  0.4393  0.3633  0.238  0.358  1.000  0.422    630
runs2/cool_fluid/snap_00100000.npz               -0.56627 +0.00216  0.0945  0.0823  0.016  0.032  1.000  0.555    478
runs2/cool_fluid/snap_00200000.npz               -0.58207 -0.01043  0.1211  0.1584  0.005  0.085  1.000  0.326    862
runs2/heat_hexlat/snap_00020000.npz              +0.07180 +0.07180  0.5359  0.4641  0.264  0.509  1.000  0.000      0
runs2/heat_hexlat/snap_00120000.npz              +0.07236 +0.00193  0.4948  0.4928  0.268  0.510  1.000  0.003    390
runs2/heat_hexlat/snap_00220000.npz              +0.07546 -0.01808  0.4676  0.4866  0.266  0.503  1.000  0.286    612
