run                          T contact     eta   psi6  psi12 g12(10)     S/N defects
runs2/T0.04_A             0.04   1.000  -1.000  1.000  1.000   1.000  0.9884       0
runs2/T0.04_A             0.04   0.999  -1.000  1.000  1.000   1.000  0.9891       0
runs2/T0.06_A             0.06   0.984  -1.000  1.000  1.000   1.000  0.9738       0
runs2/T0.06_A             0.06   0.985  -1.000  1.000  1.000   1.000  0.9772       0
runs2/T0.08_A             0.08   0.955  -1.000  1.000  1.000   1.000  0.9408       0
runs2/T0.08_A             0.08   0.965  -1.000  1.000  1.000   1.000  0.9528       0
runs2/T0.10_A             0.10   0.946  -1.000  1.000  1.000   1.000  0.9141       0
runs2/T0.10_A             0.10   0.926  -0.999  1.000  1.000   1.000  0.9404       0
runs2/T0.12_A             0.12   0.908  -0.997  1.000  1.000   1.000  0.9057       0
runs2/T0.12_A             0.12   0.897  -0.995  1.000  1.000   1.000  0.8896       0
runs2/T0.04_B             0.04   0.999  +1.000  0.010  1.000   1.000  0.0001     490
runs2/T0.04_B             0.04   0.999  +1.000  0.009  1.000   1.000  0.0000     338
runs2/T0.06_B             0.06   0.987  +1.000  0.040  1.000   1.000  0.0001    1004
runs2/T0.06_B             0.06   0.987  +1.000  0.043  1.000   1.000  0.0001    1214
runs2/T0.08_B             0.08   0.948  +1.000  0.076  1.000   1.000  0.0002    1394
runs2/T0.08_B             0.08   0.939  +1.000  0.048  1.000   1.000  0.0002    1146
runs2/T0.10_B             0.10   0.909  +0.998  0.047  1.000   1.000  0.0003    1364
runs2/T0.10_B             0.10   0.902  +0.999  0.053  1.000   1.000  0.0004    1202
runs2/T0.12_B             0.12   0.792  +0.955  0.049  1.000   0.992  0.0018    1050
runs2/T0.12_B             0.12   0.783  +0.956  0.080  1.000   1.000  0.0012    1144
runs2/T0.04_hexlat        0.04   0.986  +0.072  0.510  1.000   1.000  0.6099       6
runs2/T0.04_hexlat        0.04   0.990  +0.073  0.512  1.000   1.000  0.6367      84
runs2/T0.06_hexlat        0.06   0.937  +0.068  0.514  1.000   1.000  0.6016     452
runs2/T0.06_hexlat        0.06   0.929  +0.061  0.516  1.000   1.000  0.5562     188
runs2/T0.08_hexlat        0.08   0.870  +0.062  0.513  1.000   1.000  0.5894     648
runs2/T0.08_hexlat        0.08   0.880  +0.070  0.510  1.000   1.000  0.5777     380
runs2/T0.10_hexlat        0.10   0.819  +0.048  0.518  1.000   0.999  0.5001     548
runs2/T0.10_hexlat        0.10   0.793  +0.056  0.515  1.000   1.000  0.5351     816
runs2/T0.12_hexlat        0.12   0.750  +0.061  0.518  1.000   0.993  0.4873     798
runs2/T0.12_hexlat        0.12   0.728  +0.053  0.524  1.000   0.996  0.4862     594
runs2/T0.04_rows          0.04   0.978  +0.061  0.256  1.000   1.000  0.5008       0
runs2/T0.04_rows          0.04   0.978  +0.064  0.255  1.000   1.000  0.5019       0
runs2/T0.06_rows          0.06   0.927  +0.050  0.267  1.000   1.000  0.4895       0
runs2/T0.06_rows          0.06   0.918  +0.035  0.274  1.000   1.000  0.4952       0
runs2/T0.08_rows          0.08   0.841  +0.007  0.296  1.000   1.000  0.4874      12
runs2/T0.08_rows          0.08   0.829  +0.022  0.291  1.000   1.000  0.4773      56
runs2/T0.10_rows          0.10   0.740  -0.023  0.329  1.000   0.999  0.4405     452
runs2/T0.10_rows          0.10   0.718  -0.026  0.342  1.000   1.000  0.4098     288
runs2/T0.12_rows          0.12   0.646  +0.018  0.340  1.000   0.995  0.3661     750
runs2/T0.12_rows          0.12   0.630  +0.004  0.343  1.000   0.997  0.3796     760
